%YAML:1.0
---
model_type: MEI
camera_name: camera
image_width: 640
image_height: 480
mirror_parameters:
   xi: 0
distortion_parameters:
   k1: 0
   k2: 0
   p1: 0
   p2: 0
projection_parameters:
   gamma1: 385.0450439453125
   gamma2: 385.0450439453125
   u0: 323.196197509765
   v0: 244.11233520507812
