%YAML:1.0
---
model_type: PINHOLE
camera_name: camera
image_width: 640
image_height: 480
distortion_parameters:
   k1: 0
   k2: 0
   p1: 0
   p2: 0
projection_parameters:
   fx: 385.0450439453125
   fy: 385.0450439453125
   cx: 323.196197509765
   cy: 244.11233520507812
